%omegan = 2 rad/s
J = 1;
K = 4;
theta0 = 0.0014826

theta0 =

    0.0015

theta0 = 1.4826;
omega0 = 1.4826;
%Ccr = 2*sqrt(K*J) = 4;
%C = zeta*Ccr;
C = 0.04

C =

    0.0400

PlotFree
{Undefined function or variable 't'.

Error in <a href="matlab:matlab.internal.language.introspective.errorDocCallback('PlotFree', 'C:\Users\astein991\Documents\MATLAB\PlotFree.m', 32)" style="font-weight:bold">PlotFree</a> (<a href="matlab: opentoline('C:\Users\astein991\Documents\MATLAB\PlotFree.m',32,0)">line 32</a>)
        theta_t=exp(-zeta*omegan*t).*(A1*sin(omegad*t)+...
} 
t=0:0.01:5;
PlotFree
theta1 = theta_t

theta1 =

  Columns 1 through 5

    1.4826    1.4971    1.5110    1.5244    1.5371

  Columns 6 through 10

    1.5491    1.5606    1.5714    1.5816    1.5912

  Columns 11 through 15

    1.6001    1.6083    1.6160    1.6229    1.6293

  Columns 16 through 20

    1.6349    1.6399    1.6443    1.6480    1.6510

  Columns 21 through 25

    1.6534    1.6551    1.6562    1.6565    1.6563

  Columns 26 through 30

    1.6553    1.6537    1.6515    1.6486    1.6450

  Columns 31 through 35

    1.6407    1.6358    1.6303    1.6241    1.6173

  Columns 36 through 40

    1.6098    1.6017    1.5929    1.5835    1.5735

  Columns 41 through 45

    1.5628    1.5516    1.5397    1.5272    1.5141

  Columns 46 through 50

    1.5004    1.4861    1.4712    1.4557    1.4397

  Columns 51 through 55

    1.4231    1.4059    1.3882    1.3699    1.3511

  Columns 56 through 60

    1.3317    1.3118    1.2915    1.2706    1.2491

  Columns 61 through 65

    1.2273    1.2049    1.1820    1.1587    1.1350

  Columns 66 through 70

    1.1107    1.0861    1.0610    1.0356    1.0097

  Columns 71 through 75

    0.9834    0.9567    0.9297    0.9023    0.8745

  Columns 76 through 80

    0.8465    0.8180    0.7893    0.7603    0.7310

  Columns 81 through 85

    0.7014    0.6715    0.6414    0.6110    0.5804

  Columns 86 through 90

    0.5495    0.5185    0.4873    0.4559    0.4243

  Columns 91 through 95

    0.3926    0.3607    0.3287    0.2965    0.2643

  Columns 96 through 100

    0.2320    0.1995    0.1671    0.1345    0.1020

  Columns 101 through 105

    0.0694    0.0367    0.0041   -0.0285   -0.0611

  Columns 106 through 110

   -0.0936   -0.1261   -0.1585   -0.1909   -0.2231

  Columns 111 through 115

   -0.2553   -0.2873   -0.3193   -0.3510   -0.3827

  Columns 116 through 120

   -0.4141   -0.4454   -0.4765   -0.5074   -0.5381

  Columns 121 through 125

   -0.5685   -0.5987   -0.6287   -0.6584   -0.6878

  Columns 126 through 130

   -0.7169   -0.7457   -0.7742   -0.8024   -0.8303

  Columns 131 through 135

   -0.8578   -0.8850   -0.9118   -0.9382   -0.9643

  Columns 136 through 140

   -0.9899   -1.0152   -1.0400   -1.0644   -1.0884

  Columns 141 through 145

   -1.1119   -1.1350   -1.1576   -1.1797   -1.2013

  Columns 146 through 150

   -1.2225   -1.2432   -1.2633   -1.2830   -1.3021

  Columns 151 through 155

   -1.3207   -1.3387   -1.3563   -1.3732   -1.3896

  Columns 156 through 160

   -1.4055   -1.4208   -1.4355   -1.4496   -1.4632

  Columns 161 through 165

   -1.4761   -1.4885   -1.5002   -1.5114   -1.5219

  Columns 166 through 170

   -1.5318   -1.5412   -1.5498   -1.5579   -1.5654

  Columns 171 through 175

   -1.5722   -1.5784   -1.5839   -1.5888   -1.5931

  Columns 176 through 180

   -1.5967   -1.5997   -1.6021   -1.6038   -1.6049

  Columns 181 through 185

   -1.6053   -1.6051   -1.6042   -1.6027   -1.6006

  Columns 186 through 190

   -1.5978   -1.5944   -1.5904   -1.5857   -1.5804

  Columns 191 through 195

   -1.5744   -1.5679   -1.5607   -1.5528   -1.5444

  Columns 196 through 200

   -1.5354   -1.5257   -1.5154   -1.5046   -1.4931

  Columns 201 through 205

   -1.4810   -1.4684   -1.4552   -1.4414   -1.4270

  Columns 206 through 210

   -1.4120   -1.3965   -1.3805   -1.3639   -1.3468

  Columns 211 through 215

   -1.3291   -1.3109   -1.2922   -1.2730   -1.2533

  Columns 216 through 220

   -1.2330   -1.2123   -1.1912   -1.1695   -1.1474

  Columns 221 through 225

   -1.1249   -1.1019   -1.0785   -1.0546   -1.0304

  Columns 226 through 230

   -1.0057   -0.9806   -0.9552   -0.9294   -0.9032

  Columns 231 through 235

   -0.8767   -0.8499   -0.8227   -0.7952   -0.7674

  Columns 236 through 240

   -0.7392   -0.7109   -0.6822   -0.6533   -0.6241

  Columns 241 through 245

   -0.5947   -0.5650   -0.5352   -0.5051   -0.4749

  Columns 246 through 250

   -0.4444   -0.4139   -0.3831   -0.3522   -0.3212

  Columns 251 through 255

   -0.2901   -0.2588   -0.2275   -0.1961   -0.1647

  Columns 256 through 260

   -0.1331   -0.1016   -0.0700   -0.0384   -0.0068

  Columns 261 through 265

    0.0248    0.0564    0.0879    0.1194    0.1509

  Columns 266 through 270

    0.1822    0.2135    0.2447    0.2757    0.3067

  Columns 271 through 275

    0.3375    0.3682    0.3987    0.4290    0.4591

  Columns 276 through 280

    0.4891    0.5188    0.5483    0.5776    0.6067

  Columns 281 through 285

    0.6355    0.6640    0.6923    0.7202    0.7479

  Columns 286 through 290

    0.7753    0.8023    0.8290    0.8553    0.8814

  Columns 291 through 295

    0.9070    0.9323    0.9572    0.9817    1.0058

  Columns 296 through 300

    1.0294    1.0527    1.0755    1.0979    1.1199

  Columns 301 through 305

    1.1413    1.1624    1.1829    1.2030    1.2226

  Columns 306 through 310

    1.2416    1.2602    1.2783    1.2958    1.3129

  Columns 311 through 315

    1.3293    1.3453    1.3607    1.3756    1.3899

  Columns 316 through 320

    1.4036    1.4168    1.4294    1.4414    1.4528

  Columns 321 through 325

    1.4637    1.4740    1.4836    1.4927    1.5012

  Columns 326 through 330

    1.5091    1.5163    1.5230    1.5290    1.5345

  Columns 331 through 335

    1.5393    1.5435    1.5471    1.5500    1.5524

  Columns 336 through 340

    1.5541    1.5552    1.5556    1.5555    1.5547

  Columns 341 through 345

    1.5533    1.5513    1.5487    1.5454    1.5416

  Columns 346 through 350

    1.5371    1.5320    1.5263    1.5199    1.5130

  Columns 351 through 355

    1.5055    1.4974    1.4887    1.4794    1.4695

  Columns 356 through 360

    1.4590    1.4479    1.4363    1.4241    1.4113

  Columns 361 through 365

    1.3980    1.3841    1.3697    1.3547    1.3392

  Columns 366 through 370

    1.3231    1.3066    1.2895    1.2719    1.2538

  Columns 371 through 375

    1.2353    1.2162    1.1966    1.1766    1.1561

  Columns 376 through 380

    1.1352    1.1138    1.0920    1.0698    1.0471

  Columns 381 through 385

    1.0240    1.0006    0.9767    0.9525    0.9278

  Columns 386 through 390

    0.9029    0.8775    0.8519    0.8259    0.7995

  Columns 391 through 395

    0.7729    0.7460    0.7188    0.6913    0.6635

  Columns 396 through 400

    0.6355    0.6073    0.5788    0.5501    0.5212

  Columns 401 through 405

    0.4920    0.4628    0.4333    0.4037    0.3739

  Columns 406 through 410

    0.3440    0.3139    0.2838    0.2535    0.2231

  Columns 411 through 415

    0.1927    0.1622    0.1317    0.1011    0.0705

  Columns 416 through 420

    0.0399    0.0092   -0.0214   -0.0520   -0.0826

  Columns 421 through 425

   -0.1131   -0.1435   -0.1739   -0.2043   -0.2345

  Columns 426 through 430

   -0.2646   -0.2946   -0.3244   -0.3542   -0.3837

  Columns 431 through 435

   -0.4132   -0.4424   -0.4714   -0.5003   -0.5289

  Columns 436 through 440

   -0.5573   -0.5855   -0.6134   -0.6411   -0.6685

  Columns 441 through 445

   -0.6956   -0.7224   -0.7490   -0.7752   -0.8011

